9 0.157046 0.021285 -0.064917
10 0.158379 0.021265 -0.047165
11 0.233012 0.043631 0.449456
12 0.272435 0.045944 0.495834
13 0.257706 0.064443 0.406222
14 0.252655 0.094615 0.434836
15 0.237159 0.126462 0.408652
16 0.224572 0.140702 0.408716
17 0.232574 0.157322 0.406074
18 0.235827 0.149446 0.425233
19 0.246036 0.151893 0.398552
20 0.247260 0.134095 0.399843
21 0.248383 0.132773 0.356934
22 0.239745 0.116964 0.353067
23 0.234253 0.119098 0.328132
24 0.224127 0.106953 0.333258
25 0.218721 0.111235 0.324402
26 0.211819 0.101504 0.322515
27 0.210195 0.105738 0.316502
28 0.207988 0.095459 0.308532
29 0.208384 0.097692 0.294983
30 0.207998 0.086373 0.285113
31 0.207566 0.088799 0.270845
32 0.205793 0.078033 0.263900
33 0.203290 0.081396 0.253095
34 0.200835 0.072136 0.248904
35 0.198309 0.076592 0.240346
36 0.196500 0.068256 0.236888
37 0.194688 0.073531 0.229542
38 0.193323 0.065876 0.226138
39 0.191901 0.071496 0.219617
40 0.190388 0.064306 0.216363
41 0.189278 0.070285 0.210207
42 0.187558 0.063141 0.207169
43 0.186748 0.069196 0.200894
44 0.184850 0.061874 0.197799
45 0.184044 0.067457 0.191771
46 0.181895 0.059937 0.187788
47 0.181222 0.064829 0.181320
48 0.179283 0.056796 0.176465
49 0.178781 0.061171 0.169256
50 0.176899 0.052755 0.163848
51 0.176186 0.056857 0.156650
52 0.174370 0.048515 0.151183
53 0.173628 0.052780 0.144608
54 0.172021 0.044674 0.139516
55 0.171255 0.049079 0.133784
56 0.169591 0.040986 0.127944
57 0.168799 0.045309 0.122828
58 0.167502 0.037305 0.116561
59 0.166803 0.041732 0.112184
60 0.165825 0.033909 0.105803
61 0.165351 0.038341 0.101755
62 0.164523 0.030564 0.095386
63 0.163877 0.035062 0.091741
64 0.163029 0.027453 0.085369
65 0.162358 0.032044 0.082075
66 0.161576 0.024568 0.075642
67 0.160840 0.029324 0.073074
68 0.160117 0.022013 0.066517
69 0.159343 0.026563 0.064652
70 0.158985 0.019316 0.057212
71 0.158819 0.023971 0.054849
72 0.158658 0.016721 0.047989
73 0.158345 0.021412 0.045777
74 0.157914 0.014182 0.038645
75 0.157420 0.018684 0.036518
76 0.157177 0.011436 0.029656
77 0.156985 0.016105 0.027135
78 0.156736 0.008823 0.020266
79 0.156428 0.013205 0.018224
80 0.156543 0.005928 0.011282
81 0.156676 0.010482 0.008677
82 0.156700 0.003158 0.001811
83 0.156596 0.007769 -0.000301
84 0.156660 0.000691 -0.006919
85 0.156819 0.005421 -0.008909
86 0.156940 -0.001687 -0.014842
87 0.157198 0.002873 -0.017152
88 0.157458 -0.004240 -0.023095
89 0.157577 0.000364 -0.025596
90 0.157666 -0.006737 -0.031905
91 0.157945 -0.002103 -0.034823
92 0.158249 -0.009229 -0.040540
93 0.158601 -0.004475 -0.043378
94 0.158776 -0.011530 -0.049429
95 0.159367 -0.006976 -0.052397
96 0.159775 -0.014411 -0.058260
97 0.160210 -0.009835 -0.061642
98 0.160810 -0.017059 -0.067723
99 0.161527 -0.012416 -0.071172
100 0.162236 -0.019689 -0.077271
101 0.163065 -0.014983 -0.080962
102 0.163812 -0.022336 -0.086566
103 0.164730 -0.017643 -0.090606
104 0.165226 -0.024985 -0.096123
105 0.165953 -0.020244 -0.100214
106 0.166498 -0.027597 -0.105039
107 0.167292 -0.022704 -0.109507
108 0.168194 -0.029899 -0.113740
109 0.169456 -0.024982 -0.118861
110 0.170431 -0.032286 -0.122846
111 0.171808 -0.027412 -0.128933
112 0.172763 -0.034834 -0.132097
113 0.173902 -0.029821 -0.138827
114 0.174696 -0.036856 -0.141689
115 0.176065 -0.031605 -0.148535
116 0.176920 -0.039016 -0.150307
117 0.178605 -0.034113 -0.158835
118 0.179792 -0.041641 -0.160543
119 0.181425 -0.036613 -0.169676
120 0.182414 -0.044128 -0.171093
121 0.184254 -0.039135 -0.181081
122 0.185362 -0.046929 -0.181867
123 0.187144 -0.041866 -0.192192
124 0.188116 -0.049389 -0.193296
125 0.190338 -0.044476 -0.203964
126 0.191788 -0.052834 -0.204211
127 0.193909 -0.048234 -0.216676
128 0.195212 -0.056997 -0.217360
129 0.197009 -0.052625 -0.230378
130 0.198628 -0.061329 -0.230616
131 0.200541 -0.057498 -0.245535
132 0.202469 -0.066633 -0.245451
133 0.204352 -0.062935 -0.261590
134 0.206577 -0.072025 -0.260650
135 0.208430 -0.068336 -0.277051
136 0.211345 -0.077552 -0.273991
137 0.213425 -0.073834 -0.292886
138 0.217291 -0.083878 -0.288341
139 0.218979 -0.080235 -0.309932
140 0.222419 -0.089411 -0.303248
141 0.223116 -0.084977 -0.324902
142 0.226874 -0.094167 -0.314794
143 0.227776 -0.089132 -0.338278
144 0.231406 -0.097257 -0.324738
145 0.231507 -0.091462 -0.344268
146 0.235073 -0.099786 -0.330503
147 0.235191 -0.093412 -0.353016
148 0.238117 -0.101470 -0.338461
149 0.237297 -0.095341 -0.360992
150 0.238566 -0.102650 -0.346151
151 0.236676 -0.097546 -0.367526
152 0.237715 -0.104850 -0.351941
153 0.237854 -0.099036 -0.372419
154 0.241585 -0.107177 -0.357289
155 0.242438 -0.101995 -0.378570
156 0.245881 -0.110624 -0.360854
157 0.245991 -0.104553 -0.384904
158 0.248791 -0.112844 -0.364460
159 0.247474 -0.106808 -0.386767
160 0.248699 -0.114137 -0.157652
161 0.238140 -0.107585 -0.374897
162 0.242413 -0.114361 -0.399508
163 0.249773 -0.105209 -0.425009
164 0.256495 -0.118885 -0.368679
165 0.254930 -0.117023 -0.381291
166 0.254887 -0.128506 -0.356092
167 0.247485 -0.123904 -0.398555
168 0.248431 -0.130877 -0.367862
169 0.243777 -0.122572 -0.398092
170 0.245960 -0.126691 -0.354864
171 0.240678 -0.117129 -0.372413
172 0.242425 -0.120545 -0.333250
173 0.236634 -0.109945 -0.355947
174 0.237141 -0.112923 -0.320306
175 0.230558 -0.103919 -0.340236
176 0.229212 -0.107226 -0.306666
177 0.223267 -0.098597 -0.323188
178 0.222808 -0.102166 -0.295077
179 0.218092 -0.093926 -0.307457
180 0.218016 -0.097505 -0.280442
181 0.214886 -0.088573 -0.292266
182 0.215871 -0.092644 -0.266719
183 0.212685 -0.083803 -0.278092
184 0.212121 -0.087370 -0.253659
185 0.207777 -0.079122 -0.263143
186 0.208539 -0.085408 -0.241371
187 0.205291 -0.077735 -0.255891
188 0.205351 -0.083007 -0.235331
189 0.200814 -0.075760 -0.245483
190 0.200405 -0.080938 -0.223527
191 0.196925 -0.072903 -0.233365
192 0.198129 -0.078424 -0.212338
193 0.195101 -0.070202 -0.222394
194 0.194478 -0.074197 -0.201790
195 0.189648 -0.065910 -0.207293
196 0.189347 -0.070305 -0.188751
197 0.186107 -0.061903 -0.194891
198 0.186602 -0.066257 -0.178547
199 0.183294 -0.058378 -0.182459
200 0.183166 -0.062566 -0.166569
201 0.180157 -0.054039 -0.169599
202 0.180664 -0.058365 -0.154603
203 0.178083 -0.050043 -0.157141
204 0.177686 -0.054068 -0.143374
205 0.174426 -0.046299 -0.144050
206 0.174624 -0.051175 -0.132362
207 0.172426 -0.043466 -0.134401
208 0.172558 -0.047645 -0.123532
209 0.169688 -0.039849 -0.122622
210 0.170006 -0.044710 -0.112968
211 0.168220 -0.037057 -0.113330
212 0.168911 -0.042005 -0.104662
213 0.166460 -0.034823 -0.103812
214 0.166384 -0.039356 -0.095624
215 0.164535 -0.031551 -0.094351
216 0.165229 -0.036324 -0.086176
217 0.163678 -0.028811 -0.084340
218 0.163709 -0.033303 -0.077190
219 0.161371 -0.026170 -0.074334
220 0.162072 -0.031204 -0.068337
221 0.160981 -0.023798 -0.066681
222 0.162096 -0.028719 -0.060698
223 0.160239 -0.021659 -0.057586
224 0.160331 -0.026394 -0.052042
225 0.158852 -0.018835 -0.049124
226 0.159798 -0.023758 -0.042998
227 0.158645 -0.016367 -0.039615
228 0.159065 -0.020847 -0.033831
229 0.157280 -0.013620 -0.029766
230 0.158388 -0.018631 -0.024390
231 0.157691 -0.011203 -0.021847
232 0.158573 -0.015710 -0.016108
233 0.157088 -0.008491 -0.012079
234 0.158356 -0.013590 -0.006900
235 0.157658 -0.006063 -0.004331
236 0.159137 -0.011018 0.001092
237 0.157879 -0.003963 0.004264
238 0.158666 -0.008774 0.009384
239 0.157779 -0.001038 0.012830
240 0.159318 -0.005951 0.018805
241 0.158964 0.001737 0.022557
242 0.160061 -0.002857 0.028376
243 0.158836 0.004668 0.032684
244 0.160423 -0.000450 0.038236
245 0.159996 0.007363 0.041707
246 0.161723 0.002299 0.047149
247 0.160457 0.009706 0.051475
248 0.161606 0.004991 0.056244
249 0.161281 0.013017 0.060316
250 0.163306 0.007898 0.065844
251 0.163175 0.015688 0.070012
252 0.164617 0.010852 0.075418
253 0.163556 0.018433 0.079776
254 0.165552 0.013096 0.085126
255 0.165660 0.020807 0.088212
256 0.168150 0.015450 0.094141
257 0.167646 0.022802 0.097120
258 0.169292 0.017633 0.103054
259 0.168962 0.025690 0.106190
260 0.171288 0.020502 0.113875
261 0.170704 0.027943 0.117073
262 0.172556 0.022746 0.123831
263 0.172371 0.030816 0.126563
264 0.175203 0.025541 0.134715
265 0.175487 0.033592 0.137284
266 0.177778 0.028638 0.146288
267 0.176942 0.036491 0.148468
268 0.179547 0.030928 0.156778
269 0.179533 0.038920 0.158315
270 0.182751 0.033413 0.167122
271 0.182299 0.041046 0.168579
272 0.184923 0.035753 0.176999
273 0.184695 0.044251 0.179540
274 0.188142 0.038985 0.189964
275 0.188364 0.047430 0.192942
276 0.191354 0.042602 0.203467
277 0.190510 0.051144 0.205688
278 0.193603 0.046423 0.220070
279 0.193573 0.055606 0.223532
280 0.197259 0.051360 0.234362
281 0.197230 0.060299 0.235046
282 0.199704 0.056659 0.247802
283 0.200212 0.066734 0.252466
284 0.203530 0.062777 0.263606
285 0.204480 0.072342 0.264704
286 0.207044 0.068310 0.275202
287 0.209355 0.079070 0.278329
288 0.212506 0.074973 0.293393
289 0.215766 0.085825 0.295951
290 0.217453 0.081670 0.310626
291 0.219071 0.091372 0.309942
292 0.220181 0.085813 0.322555
293 0.222584 0.095190 0.320452
294 0.223795 0.089061 0.333286
295 0.225083 0.097203 0.330680
296 0.224971 0.090784 0.339139
297 0.226548 0.099518 0.337091
298 0.227269 0.092669 0.348049
299 0.228312 0.099999 0.346142
300 0.228025 0.093120 0.356029
301 0.227546 0.100365 0.349819
302 0.228745 0.093441 0.358771
303 0.230270 0.101606 0.352338
304 0.232342 0.094816 0.362950
305 0.233476 0.103070 0.355929
306 0.233756 0.096732 0.366156
307 0.233575 0.104789 0.357894
308 0.233651 0.098057 0.367572
309 0.234433 0.106644 0.349115
